spawns:
  default:
    world: 7ff0581d-a819-425d-b83c-1315e273eecc
    world-name: world
    x: 63.56319061045295
    y: 67.0
    z: -71.47726062312196
    yaw: 179.87921142578125
    pitch: -0.9961404800415039
