world: 7ff0581d-a819-425d-b83c-1315e273eecc
world-name: world
x: -16.520099687518933
y: 113.0
z: -159.80843096889683
yaw: -0.48486328125
pitch: 3.1420905590057373
name: island
lastowner: 4fb49088-1325-300e-8678-a5c2dbe234ef
